%YAML:1.0
---
calibrationTimeChar: "Sat Nov 11 19:03:01 2023\n"
calibrationTime_t: 1699700581
imageWidth: 1280
imageHeight: 1024
cameraMatrix: !!opencv-matrix
   rows: 3
   cols: 3
   dt: d
   data: [ 8.8136100819112039e+02, 0., 6.4220272461712216e+02, 0.,
       8.8058628963515389e+02, 5.0584011804970760e+02, 0., 0., 1. ]
disCoffes: !!opencv-matrix
   rows: 1
   cols: 5
   dt: d
   data: [ -9.3578985363918982e-02, 7.3018505781808796e-02,
       -3.8644741900791793e-04, -9.8636591357284249e-05,
       1.4049603863372971e-02 ]
newCameraMatrix: !!opencv-matrix
   rows: 3
   cols: 3
   dt: d
   data: [ 8.6723233031300583e+02, 0., 6.4115444510450868e+02, 0.,
       8.6646758284465625e+02, 5.0496035028440627e+02, 0., 0., 1. ]
newDisCoffes: !!opencv-matrix
   rows: 1
   cols: 5
   dt: d
   data: [ 2.9854187376649919e-04, -1.9004592112405066e-03,
       -3.4211507436041484e-05, -8.1349283674984270e-05,
       2.2906097179296848e-03 ]
