Rotation: [0.003932685, -0.9999743, -0.006001174, 0.3714846, 0.007032514, -0.9284124, 0.9284307, 0.001421422, 0.3715025]
Translation: [-0.003471442, -0.07900676, -0.02081597]