Rotation: [0.001337595, -0.9999851, -0.005342096, 0.3735619, 0.005454928, -0.9275895, 0.9276044, -0.0007549077, 0.3735634]
Translation: [0.002920642, -0.08071904, -0.01997066]