Rotation: [0.999876, -0.01227666, 0.00989043, 0.009999963, 0.008892999, -0.9999105, 0.01218759, 0.9998852, 0.009014661]
Translation: [0.3813106, -0.2483672, -0.1495662]