Rotation: [-0.01093608, -0.9997647, -0.01876107, 0.3716168, 0.01335478, -0.9282902, 0.928322, -0.01712382, 0.3713831]
Translation: [0.02460848, -0.06982872, 0.002369046]