Rotation: [-0.007837174, -0.9999601, -0.004356146, 0.3734685, 0.00111416, -0.9276423, 0.9276102, -0.008896858, 0.3734447]
Translation: [0.01407492, -0.08066985, -0.01827419]