Rotation: [0.002448261, -0.9999954, 0.001833946, 0.3719726, -0.0007917285, -0.9282435, 0.9282404, 0.00295471, 0.371969]
Translation: [0.009005219, -0.07323653, -0.03134727]