Rotation: [-0.003553644, -0.9999485, -0.009507179, 0.3619802, 0.007576227, -0.9321549, 0.9321791, -0.006753966, 0.3619345]
Translation: [0.01037756, -0.05849633, 0.007529855]