Rotation: [0.001793355, -0.9999966, 0.001858681, 0.3780577, -0.001042783, -0.9257812, 0.9257804, 0.002362996, 0.3780545]
Translation: [0.01077625, -0.08350521, -0.03152001]